344,17
345,13
346,13
347,16
340,12
341,21
342,14
343,15
348,13
349,19
298,18
299,19
296,14
297,19
294,17
295,20
292,25
293,18
290,22
291,13
270,26
271,22
272,33
273,19
274,29
275,24
276,17
277,19
278,22
279,26
2268,1
108,123
109,105
102,122
103,141
100,123
101,109
106,121
107,100
104,118
105,109
1213,1
2684,1
99,135
98,131
91,145
90,145
93,136
92,129
95,132
94,112
97,125
96,127
1622,2
1992,1
1995,1
5185,1
2863,1
2864,1
558,7
555,7
554,5
557,3
556,6
551,6
550,4
553,4
552,5
1198,1
1191,3
1192,1
1758,1
1177,1
1174,2
1172,3
1171,4
1170,1
1179,3
1178,1
510,10
513,9
1284,1
1287,1
1003,1
1289,1
514,4
689,2
688,3
685,4
684,7
687,3
686,8
681,3
680,2
683,5
682,1
623,4
622,4
1225,2
1224,1
1221,1
1243,1
407,8
406,8
405,11
404,11
1375,1
1374,1
401,12
400,14
1379,3
1378,1
452,9
409,6
408,11
1343,1
455,17
1346,1
379,8
378,8
371,14
370,13
373,14
372,7
375,9
374,14
377,11
376,18
393,16
392,10
391,10
390,12
397,9
396,15
395,21
394,15
399,6
398,13
895,4
2309,2
3741,1
245,28
244,26
247,21
246,29
241,36
240,29
243,25
242,29
249,23
248,38
2456,1
179,51
178,46
177,49
176,57
175,66
174,53
173,58
172,53
171,55
170,59
654,4
652,4
1507,1
1504,1
3528,1
4652,1
1618,1
1614,1
8849,1
1763,1
1760,1
1767,1
1140,1
1147,1
1148,1
692,4
690,4
691,2
696,3
697,3
694,1
695,7
698,2
699,1
1548,3
542,11
543,5
540,9
541,7
546,4
547,6
544,1
545,3
548,7
549,6
1782,1
765,2
414,9
415,9
416,8
417,14
410,7
411,16
412,12
413,6
1384,1
418,16
419,16
1383,1
368,10
369,13
366,15
367,12
364,10
365,10
362,15
363,21
360,19
361,18
380,11
381,11
382,15
383,14
384,18
385,15
386,6
387,13
388,13
389,12
258,23
259,32
252,22
253,35
250,26
251,28
256,31
257,22
254,22
255,39
901,2
168,64
169,46
164,54
165,47
166,71
167,57
160,55
161,61
162,67
163,69
6359,1
2518,1
1090,1
1812,1
670,3
671,3
1609,1
1979,1
1601,1
1606,1
809,2
808,2
803,2
802,2
801,3
800,1
807,3
806,3
804,3
1777,1
1771,1
1770,1
608,5
1159,2
1158,1
1155,2
1154,2
1157,1
1150,1
1153,1
59,246
58,254
1559,1
54,275
57,283
56,277
51,288
50,307
53,301
52,266
537,5
55,273
535,11
534,12
533,8
532,5
531,8
530,6
539,6
538,10
536,4
429,12
428,13
1399,2
1398,2
421,12
420,7
423,7
422,9
1393,1
1392,1
1391,1
426,14
3819,1
4749,1
2185,1
228,36
227,29
226,30
225,33
224,27
223,36
222,27
221,36
220,41
151,57
150,64
153,62
152,63
155,64
154,66
157,71
156,56
159,64
158,73
1804,1
1803,1
1801,1
1800,1
1809,1
8869,1
818,1
819,1
810,3
811,1
812,1
813,3
814,4
815,2
816,2
1494,1
1495,1
1497,1
1627,1
1395,1
1707,1
1708,1
1709,1
1996,1
424,10
427,9
1128,1
1122,3
1123,3
1124,3
1125,1
524,5
525,4
526,11
527,3
520,6
1019,2
522,5
523,3
1014,3
1015,2
1016,2
1017,3
1010,1
529,3
1013,1
1235,1
1237,1
1232,2
1233,1
1238,2
1239,1
438,11
439,10
436,7
437,6
434,10
435,10
432,19
433,10
430,9
431,12
559,6
5812,1
238,22
239,36
234,29
235,30
236,37
237,28
230,36
231,23
232,43
233,39
2462,1
1,56043
146,72
147,57
144,73
145,66
142,87
143,62
140,79
141,79
999,1
148,73
149,73
2087,1
2532,1
2537,1
1836,1
1837,1
939,2
938,3
2150,1
933,1
931,3
930,1
937,1
936,3
935,3
934,2
1957,1
1952,1
825,3
827,3
826,1
821,2
820,2
823,3
822,1
1481,2
1480,1
1487,1
797,1
795,2
794,1
1717,1
1715,1
790,3
1718,1
798,3
612,3
610,2
1139,3
1132,2
1130,1
1137,1
1136,1
3011,1
519,4
518,3
1009,1
511,1
1006,1
1005,3
512,10
515,7
1002,1
517,5
1000,2
1227,3
1226,1
621,4
620,5
627,4
1222,1
625,4
624,5
629,7
628,5
1229,2
2888,1
2,23440
8618,1
3874,1
11,2184
10,2718
13,1801
12,2038
15,1500
14,1665
17,1345
16,1433
19,1087
18,1141
1926,2
201,40
200,43
203,46
202,31
205,39
204,44
207,35
206,33
209,37
208,38
229,36
3499,1
3491,1
2095,1
1826,1
928,1
929,3
920,2
921,2
924,2
925,1
926,2
927,2
1924,1
3270,2
1928,1
832,2
833,1
831,2
834,2
839,1
3,13028
784,3
785,1
787,3
780,1
781,5
782,1
783,3
789,4
60,243
61,267
62,242
63,242
64,220
65,208
66,232
67,219
68,232
69,209
1589,1
1586,1
1587,2
1039,1
508,4
509,9
506,6
507,4
504,8
505,14
502,9
503,3
500,5
1035,1
630,1
631,6
632,2
633,7
1216,1
1217,1
636,6
637,2
638,1
639,4
1218,1
1219,1
1454,1
1104,2
1457,1
1103,1
1453,1
1459,1
1108,1
1109,1
4088,1
3866,1
216,47
217,52
214,29
215,41
212,37
213,41
210,39
211,55
218,40
219,35
5907,1
3005,1
2391,1
1852,1
1855,1
919,2
918,3
915,3
914,1
917,2
911,1
910,1
913,1
912,2
2607,1
2601,1
516,1
3264,1
1424,3
847,1
846,1
845,3
843,1
842,1
841,2
849,6
848,3
1739,1
753,3
752,1
751,2
750,4
757,5
756,2
755,3
754,1
759,4
758,1
1594,1
1597,1
1033,1
1025,2
1024,2
1027,3
1031,3
1021,1
1023,1
1022,4
1029,1
1028,1
501,5
605,4
604,2
607,7
606,10
601,2
600,2
4363,1
602,2
1205,1
1204,1
1207,2
1206,2
609,2
1210,2
1203,2
1211,3
634,6
1214,1
1111,2
1561,1
1113,2
1443,1
1114,3
1441,1
1116,2
1119,1
1118,1
467,8
1449,1
1357,1
489,10
488,8
487,7
486,12
485,5
484,9
483,11
482,11
481,13
480,8
199,47
198,47
195,49
194,49
197,53
196,42
191,42
190,47
193,53
192,43
2545,1
1456,2
1105,2
2769,1
902,3
903,7
900,1
1848,1
906,6
907,1
904,5
905,2
908,2
909,2
2169,1
1908,1
1905,1
854,1
855,1
856,1
857,2
850,1
851,1
853,1
3459,1
858,2
859,5
6,5212
425,13
740,3
741,3
742,6
743,2
744,3
745,2
746,1
747,1
748,2
749,2
1050,3
1051,1
1693,1
1699,2
1279,1
618,3
619,5
1270,3
613,4
1272,1
611,2
616,4
617,3
614,6
615,4
1795,1
1471,1
1307,1
1300,1
1309,1
498,7
499,5
1499,1
494,9
495,3
496,5
497,3
490,7
491,8
492,5
493,5
24,833
25,754
26,737
27,683
20,1081
21,1009
22,927
23,852
28,657
29,687
7,4192
972,2
1087,1
590,3
1085,2
1877,1
592,6
1083,1
977,1
976,1
975,1
973,2
1081,1
971,3
970,1
1080,1
979,1
978,3
182,48
183,46
180,63
181,55
186,49
187,40
184,40
185,53
188,42
189,48
2623,1
1911,1
1915,1
869,3
868,1
861,1
863,4
862,2
864,2
867,1
866,3
2025,1
2027,1
2021,1
883,2
882,1
881,2
887,3
886,2
884,3
889,2
888,3
775,1
774,8
777,6
776,2
771,1
770,3
773,1
772,1
779,6
77,173
76,183
75,199
74,192
73,195
72,214
71,178
70,197
79,144
78,178
1047,2
1046,1
1045,1
1044,2
1049,2
1048,2
1680,1
1685,1
1688,1
1269,1
1268,1
669,5
668,6
667,5
1262,1
665,1
664,2
663,4
662,2
661,4
1264,1
1018,2
1467,1
1461,1
521,13
1317,1
1315,3
1312,1
1319,1
1318,1
528,5
319,17
318,22
313,15
312,26
311,14
310,17
317,15
316,26
315,20
314,14
1337,1
1336,1
1330,1
1332,1
2298,1
2292,2
403,9
2365,1
4,9076
402,11
1869,1
965,5
966,2
967,2
960,2
962,1
963,1
968,2
969,2
2104,2
878,1
879,4
876,4
877,2
874,2
875,1
872,2
873,3
2037,1
2036,1
9,2965
645,5
1244,1
890,2
891,2
892,2
893,4
894,2
1247,1
896,2
897,4
899,2
1246,2
3546,1
1789,1
769,5
2962,1
762,3
763,2
760,4
761,3
766,3
767,5
764,5
1787,1
1078,1
1079,1
1076,2
1074,2
1073,2
1070,1
1071,1
1675,1
1677,2
1670,1
1672,1
1094,2
1095,1
1096,1
1097,2
678,6
679,3
674,4
675,1
677,5
1098,2
1099,1
672,2
673,6
1418,1
1419,1
1410,1
1412,1
1416,1
1320,1
1532,1
1324,1
1325,1
5,6507
647,3
1254,1
1252,1
1250,1
1523,1
1529,1
1258,1
1259,2
308,19
309,12
3959,1
300,24
301,22
302,19
303,18
304,21
305,21
306,14
307,15
4114,1
3608,1
1896,1
1897,1
959,2
958,2
2132,1
950,1
953,1
952,1
954,2
957,3
956,1
2644,1
2645,1
3424,1
3901,1
1263,1
666,3
2177,1
719,2
718,2
717,4
716,2
715,2
713,1
712,5
711,3
710,2
660,3
1069,2
1060,4
1063,1
1065,1
1064,1
1067,2
1066,1
1662,1
591,7
1086,1
593,5
1084,1
595,7
594,3
597,5
596,4
599,3
598,5
1088,1
3382,1
1403,1
1401,1
1400,2
1407,1
1406,2
1405,1
449,6
448,9
1338,2
443,5
442,12
441,5
440,10
447,14
446,12
445,11
444,7
1542,1
39,469
38,432
33,584
32,607
31,578
30,587
37,427
36,465
35,506
34,488
641,4
640,6
643,6
1242,1
1245,1
644,1
1531,1
646,5
648,3
339,19
338,13
335,14
334,17
337,15
336,21
331,21
330,19
333,13
332,22
8,3598
3634,1
2345,1
2346,1
2342,1
3702,1
1884,1
1883,1
2123,1
948,1
949,3
946,1
944,2
945,1
942,1
943,3
940,2
941,4
133,84
132,70
131,89
130,92
137,68
136,82
135,89
134,94
139,87
138,76
2019,1
2011,1
708,5
709,3
704,4
705,4
706,2
707,1
701,2
702,1
703,7
88,141
89,171
82,158
83,152
80,167
81,186
86,164
87,149
84,154
85,150
1658,1
1654,1
1389,1
586,4
587,5
584,5
585,4
582,6
583,2
580,6
581,4
588,6
589,4
1982,1
1348,1
1435,1
1432,1
1433,1
1439,1
458,8
459,10
450,9
451,7
1342,1
453,13
454,9
1345,1
456,17
457,5
656,2
657,6
1500,1
655,3
1506,1
653,6
650,3
651,5
658,4
659,5
322,12
323,18
320,20
321,27
326,14
327,19
324,14
325,12
328,20
329,24
2338,1
1341,1
2489,1
2246,1
995,2
2465,1
997,2
990,1
993,1
992,1
2468,1
120,90
121,96
122,72
123,83
124,83
125,83
126,85
127,91
128,81
129,85
2060,1
2791,1
2064,1
2066,1
1647,1
1642,1
1649,1
579,4
578,6
573,6
572,6
571,7
570,6
577,5
576,4
575,3
574,4
1421,1
1420,1
603,4
1427,1
1428,3
3363,1
731,2
730,2
733,2
732,5
735,1
734,1
737,7
736,4
739,2
738,4
1359,3
469,11
468,4
465,13
464,8
1351,1
466,4
461,8
460,16
463,3
462,9
1517,1
1513,1
1512,1
4014,1
357,20
356,22
355,18
354,18
353,21
352,11
351,15
350,15
359,14
358,16
6121,1
1447,1
2329,1
289,16
288,15
281,25
280,24
283,23
282,28
285,21
284,13
287,21
286,28
263,21
262,30
261,33
260,20
267,25
266,24
265,23
264,31
269,18
268,23
2491,1
1297,2
2256,1
982,3
980,1
981,2
986,1
987,3
984,1
115,104
114,99
117,104
116,96
111,105
110,111
113,118
112,99
119,86
118,87
2784,1
2078,1
2077,1
2075,1
2673,1
2906,1
1984,1
1633,1
1634,1
1988,1
1989,1
568,7
569,8
560,10
561,4
562,4
563,9
564,3
565,9
566,5
567,8
1188,1
1186,1
1187,2
1184,2
1182,1
1183,1
726,1
727,2
724,1
722,5
723,8
720,3
721,3
1745,1
728,2
729,2
1164,1
1165,1
1166,2
1160,2
1163,1
1169,2
48,316
49,304
46,392
47,353
44,392
45,334
42,381
43,346
40,423
41,439
1293,1
1565,1
1566,1
1295,1
474,9
475,13
1381,1
1710,1
793,3
1201,1
472,7
473,10
470,10
471,7
476,7
477,8
1360,2
1361,1
478,10
479,11
1368,2
1369,2
